20	14	26	681.1 	127.7 
19.4	14	26	613.1 	115.0 
18.8	14	26	544.9 	102.2 
18.5	14	26	510.7	95.9
18.2	14	26	477.2 	89.8 
17.6	14	26	408.7 	78.0 
17	14	26	340.5 	66.8 
16.4	14	26	272.6	56.6
15.8	14	26	205.0 	46.9 
20	14	28	666.4 	131.7 
19.4	14	28	599.9 	118.3 
18.8	14	28	533.1	105
18.5	14	28	499.7 	98.5 
18.2	14	28	466.9 	92.2 
17.6	14	28	399.8 	80.2 
17	14	28	333.1	68.9
16.4	14	28	266.8 	58.5 
15.8	14	28	200.6 	48.8 
20	14	30	651.2 	135.7 
19.4	14	30	586.2	121.7
18.8	14	30	521.0 	107.9 
18.5	14	30	488.4 	101.2 
18.2	14	30	456.2 	94.8 
17.6	14	30	390.7	82.6
17	14	30	325.6 	70.9 
16.4	14	30	260.7 	60.4 
15.8	14	30	196.0 	50.7 
20	14	32	635.7	139.9
19.4	14	32	572.2 	125.3 
18.8	14	32	508.6 	111.0 
18.5	14	32	476.7 	104.1 
18.2	14	32	445.3	97.4
17.6	14	32	381.2 	85.0 
17	14	32	317.8 	73.1 
16.4	14	32	254.5 	62.5 
15.8	14	32	191.4	52.6
20	14	32	635.7 	139.9 
19.4	14	32	572.2 	125.3 
18.8	14	32	508.6 	111.0 
18.5	14	32	476.7	104.1
18.2	14	32	445.3 	97.4 
17.6	14	32	381.2 	85.0 
17	14	32	317.8 	73.1 
16.4	14	32	254.5	62.5
15.8	14	32	191.4 	52.6 
20	14	34	619.6 	144.5 
19.4	14	34	557.8 	129.1 
18.8	14	34	495.7	114.3
18.5	14	34	464.7 	107.2 
18.2	14	34	434.0 	100.3 
17.6	14	34	371.5 	87.5 
17	14	34	309.8	75.7
16.4	14	34	248.1 	65.0 
15.8	14	34	186.5 	55.2 
20	14	36	603.5 	149.1 
19.4	14	36	543.2	133
18.8	14	36	482.8 	117.6 
18.5	14	36	452.5 	110.3 
18.2	14	36	422.5 	103.3 
17.6	14	36	361.7	90.1
17	14	36	301.7 	78.1 
16.4	14	36	241.6 	67.3 
15.8	14	36	181.7 	57.6 
15.5	14	36	151.5	52.1
20	14	38	586.8 	153.8 
19.4	14	38	528.3 	137.2 
18.8	14	38	469.5 	121.3 
18.5	14	38	440.1	113.7
18.2	14	38	410.8 	106.6 
17.6	14	38	352.0 	92.7 
17	14	38	293.3 	80.1 
16.4	14	38	234.9	68.8
15.8	14	38	176.6 	58.5 
20	14	40	570.1 	158.6 
19.4	14	40	513.2 	141.9 
18.8	14	40	456	125.6
18.5	14	40	427.5 	117.7 
18.2	14	40	399.4 	110.1 
17.6	14	40	342.6 	95.5 
17	14	40	284.9	82
16.4	14	40	228.2 	69.8 
15.8	14	40	171.5 	58.4 
