45	40	0	363.9 	135.8 
45	40.5	0	327.5 	118.5 
45	41	0	291.1 	102.3 
45	41.25	0	272.9 	94.2 
45	41.5	0	254.7 	87.6 
45	42	0	218.3 	80.0 
45	42.5	0	182.0 	74.4 
45	43	0	145.6 	60.1 
45	43.5	0	109.2 	48.5 
45	43.75	0	91.0 	46.1 
45	40	2	390.2 	137.5 
45	40.5	2	351.2 	119.9 
45	41	2	312.2 	103.5 
45	41.25	2	292.7 	95.3 
45	41.5	2	273.1 	88.6 
45	42	2	234.1 	80.9 
45	42.5	2	195.1 	75.3 
45	43	2	156.1 	60.8 
45	43.5	2	117.1 	49.1 
45	43.75	2	97.6 	46.6 
45	40	4	418.4 	139.2 
45	40.5	4	376.6 	121.3 
45	41	4	334.7 	104.7 
45	41.25	4	313.8 	96.5 
45	41.5	4	292.9 	89.7 
45	42	4	251.0 	81.9 
45	42.5	4	209.2 	76.2 
45	43	4	167.4 	61.5 
45	43.5	4	125.5 	49.7 
45	43.75	4	104.6 	47.1 
45	40	6	448.0 	140.4 
45	40.5	6	403.2 	122.5 
45	41	6	358.4 	105.8 
45	41.25	6	336.0 	97.5 
45	41.5	6	313.6 	90.6 
45	42	6	268.8 	82.7 
45	42.5	6	224.0 	77.0 
45	43	6	179.2 	62.2 
45	43.5	6	134.4 	50.2 
45	43.75	6	112.0 	47.6 
45	40	8	480.1 	142.0 
45	40.5	8	432.1 	123.9 
45	41	8	384.1 	107.0 
45	41.25	8	360.1 	98.6 
45	41.5	8	336.1 	91.6 
45	42	8	288.1 	83.7 
45	42.5	8	240.1 	77.8 
45	43	8	192.0 	62.9 
45	43.5	8	144.0 	50.8 
45	43.75	8	120.0 	48.2 
45	40	10	514.7 	144.0 
45	40.5	10	463.2 	125.8 
45	41	10	411.8 	108.6 
45	41.25	10	386.0 	100.0 
45	41.5	10	360.3 	93.0 
45	42	10	308.8 	84.9 
45	42.5	10	257.4 	79.0 
45	43	10	205.9 	63.8 
45	43.5	10	154.4 	51.5 
45	43.75	10	128.7 	48.9 
45	40	12	551.4 	146.1 
45	40.5	12	496.3 	127.3 
45	41	12	441.1 	109.9 
45	41.25	12	413.6 	101.2 
45	41.5	12	386.0 	94.1 
45	42	12	330.8 	85.9 
45	42.5	12	275.7 	79.9 
45	43	12	220.6 	64.6 
45	43.5	12	165.4 	52.1 
45	43.75	12	137.9 	49.5 
45	40	14	590.7 	148.1 
45	40.5	14	531.6 	129.2 
45	41	14	472.6 	111.5 
45	41.25	14	443.0 	102.7 
45	41.5	14	413.5 	95.5 
45	42	14	354.4 	87.2 
45	42.5	14	295.4 	81.1 
45	43	14	236.3 	65.5 
45	43.5	14	177.2 	52.9 
45	43.75	14	147.7 	50.2 
45	39	16	631.8 	150.1 
45	39.6	16	568.6 	130.9 
45	40.2	16	505.4 	113.1 
45	40.3	16	473.9 	104.1 
45	40.8	16	442.3 	96.8 
45	41.4	16	379.1 	88.4 
45	42	16	315.9 	82.2 
45	42.6	16	252.7 	66.4 
45	43.2	16	189.5 	53.6 
45	43.5	16	158.0 	50.9 
45	39	18	675.0 	151.9 
45	39.6	18	607.5 	132.6 
45	40.2	18	540.0 	114.5 
45	40.3	18	506.3 	105.5 
45	40.8	18	472.5 	98.1 
45	41.4	18	405.0 	89.5 
45	42	18	337.5 	83.3 
45	42.6	18	270.0 	67.3 
45	43.2	18	202.5 	54.3 
45	43.5	18	168.8 	51.6 
45	38	20	772.9 	153.7 
45	38.7	20	695.6 	143.5 
45	39.4	20	618.3 	123.9 
45	39.75	20	579.7 	114.1 
45	40.1	20	541.0 	106.1 
45	40.8	20	463.7 	96.8 
45	41.5	20	386.5 	90.1 
45	42.2	20	309.2 	72.8 
45	42.9	20	231.9 	58.8 
45	43.25	20	193.2 	55.8 
45	38	22	777.4 	155.5 
45	38.7	22	699.7 	135.7 
45	39.4	22	621.9 	117.1 
45	39.75	22	583.1 	107.9 
45	40.1	22	544.2 	100.3 
45	40.8	22	466.4 	91.6 
45	41.5	22	388.7 	85.2 
45	42.2	22	311.0 	68.8 
45	42.9	22	233.2 	55.6 
45	43.25	22	194.4 	52.7 
45	38	24	835.6 	157.5 
45	38.7	24	752.0 	137.3 
45	39.4	24	668.5 	118.5 
45	39.75	24	626.7 	109.2 
45	40.1	24	584.9 	101.5 
45	40.8	24	501.4 	92.7 
45	41.5	24	417.8 	86.2 
45	42.2	24	334.2 	69.7 
45	42.9	24	250.7 	56.2 
45	43.25	24	208.9 	53.4 